<ROOT_TAG> 0.32976777639306043 0.014178363639957503 0.671998804735836 0.8536545935552993 0.8208274334265929 0.815131175047129 0.6798262758851252 0.4460054223136989 0.27020589207588963 0.47642684276258074 0.5244469730340212 0.6667180186868202 0.8401822115221698 0.36678099368298633 0.08074883759244256 0.7504450409360438 0.8704725368061417 0.24140533641234696 0.13962007204921467 0.8981075390060639 0.10721383157404685 0.3183344614535014 0.3142541118946943 0.38990581094155286 0.6694121414245976 0.4829893545162932 0.015010321093334444 0.1641244417958121 0.5329509855339689 0.6485937083057259 0.8361283602301727 0.2536186166512955 0.23457518874810246 0.03155588210261828 0.8125105275209146 0.8661405874821031 0.22875974184163372 0.9164207941377713 0.36807123243607487 0.32071809696503706 0.9820529284608751 0.91909910895745 0.6398547178608268 0.9042035730402518 0.3703105688439007 0.5355712182316356 0.37921974983782725 0.9504134251746768 0.8046990600042672 0.9086178277253515 
propn 0.553507 0.164817 0.0986931 0.694601 -0.0396257 -0.175797 -0.0875951 1.17483 -0.43515 0.379846 -0.344283 -0.0298397 -0.311808 -0.859405 -0.491537 -0.469878 0.0582372 -0.202377 -0.267252 0.189908 -0.46306 0.964576 0.337272 -0.294357 0.0578158 -0.63351 -0.523597 -0.71815 -0.357174 -0.415947 0.448197 -0.327249 -0.174559 -0.542896 -0.101029 0.226607 0.19174 0.203234 -0.662101 0.631674 -0.307641 0.207589 0.345653 0.179162 -0.435484 -1.10605 0.708167 0.121125 0.430328 -0.508398 
punct 0.0438054 0.377562 -0.288608 0.361153 -0.200442 0.0788265 -0.0390717 0.466725 0.378415 -0.0964653 -0.120081 0.463382 -0.218597 0.0296677 -0.141621 -0.205314 -0.0411445 -0.0287193 -0.305471 0.0375414 -0.225145 0.355215 0.0630015 -0.125098 0.104584 -0.016012 -0.188463 -0.181566 -0.192704 -0.233052 0.146627 0.00695824 -0.0977731 -0.121792 -0.556825 -0.0807484 0.105369 0.424652 -0.0794533 0.0800225 0.109471 0.270758 -0.318862 0.173741 0.170575 -0.308474 0.247651 0.261279 0.0302073 -0.27822 
adj -0.153876 0.180418 -0.167009 0.0964037 -0.357079 0.461682 -0.145944 0.367681 0.300423 -0.266427 -0.533032 0.519589 -0.158848 0.0359986 -0.0440077 -0.0886381 -0.0110964 0.199597 -0.112633 -0.160949 -0.0342306 0.425316 -0.392508 -0.319388 0.0306253 0.0483683 0.0392187 -0.169888 -0.344883 0.130979 0.142209 0.509834 0.105017 0.00525381 -0.738153 -0.0500494 -0.0296348 0.294715 0.181814 0.0997661 0.311482 0.424433 -0.460499 0.404677 0.203768 -0.163953 0.292154 0.508787 -0.0902065 -0.0840123 
noun -0.103874 0.0488385 -0.0863217 0.231808 -0.0918626 0.39372 -0.260401 0.451743 0.161597 -0.224709 -0.417627 0.440539 -0.0290594 0.294002 -0.248147 -0.00889284 -0.0778537 0.294409 -0.327064 -0.164179 0.0813585 0.467958 -0.372485 -0.263688 -0.16819 0.117992 -0.197231 -0.260602 -0.347615 0.180428 -0.0375675 0.321918 -0.0615048 -0.0814723 -0.73595 -0.149138 0.0497646 0.221337 0.021153 -0.136672 0.188025 0.576851 -0.235625 0.224271 0.162124 -0.345927 0.385672 0.618616 -0.271295 -0.172489 
verb -0.415032 0.331133 -0.256055 -0.0983149 -0.219157 0.508866 -0.18004 0.360303 0.310049 -0.409911 -0.484357 0.607564 -0.257688 -0.0337102 0.512043 -0.208405 0.306483 0.111287 -0.320656 -0.113249 -0.0777204 -0.0730577 0.0176009 -0.540356 0.444581 -0.115593 0.0377787 -0.149371 -0.328937 0.354754 0.390203 0.39415 0.296794 0.363505 -0.603208 -0.265482 -0.0340119 0.464771 0.242805 0.390965 0.0822762 0.0293766 -0.268497 -0.0750299 0.0214515 0.0646229 0.140998 0.694782 -0.143031 0.183248 
det -0.142318 0.0745024 -0.302317 0.15358 -0.413567 0.320055 -0.196293 0.344812 0.286269 -0.106844 -0.316162 0.42857 -0.272021 0.0567345 -0.105006 -0.314434 -0.0408265 0.21639 0.0240585 -0.148241 -0.0688313 0.611487 -0.515414 -0.223404 -0.0121891 -0.04328 0.0290374 -0.112488 -0.370805 -0.0947754 -0.000602396 0.469908 0.169037 -0.135513 -0.558902 -0.128778 0.0660207 0.441246 -0.0562539 -0.00069041 0.544101 0.389245 -0.339723 0.382318 0.201466 -0.226903 0.360415 0.29384 -0.00757924 -0.211842 
adp -0.00588052 0.324567 -0.297465 0.360034 -0.245264 0.386328 -0.139046 0.603385 0.401609 -0.159324 -0.325496 0.562947 -0.314748 -0.0123331 -0.0692396 -0.185646 0.125318 -0.0359292 -0.282324 -0.00563049 -0.258284 0.523206 0.0702131 -0.298427 0.288624 -0.04461 -0.039355 -0.0446718 -0.312702 -0.066935 0.1218 0.2256 0.0508267 -0.0544013 -0.714186 -0.172713 -0.0501856 0.301946 -0.0844766 0.210008 0.0951769 0.300697 -0.614517 0.375955 0.0525101 -0.363554 0.374265 0.214408 -0.0628424 -0.292575 
aux -0.174757 0.394123 -0.31002 0.138877 -0.154794 0.403928 -0.308876 0.168995 0.166363 -0.329048 -0.318781 0.468876 -0.0179508 0.178366 0.286109 -0.162945 0.169179 0.269888 -0.357855 -0.0877526 0.0580632 -0.0632973 -0.122318 -0.374381 0.329889 -0.168617 0.00618999 0.0125537 -0.330623 0.242361 0.136355 0.219447 0.0667971 0.191211 -0.480278 -0.262823 0.13471 0.303299 0.0784866 0.0913695 0.30435 -0.123156 -0.102551 -0.296751 0.0672096 0.0389406 0.0342118 0.40035 -0.240679 0.252309 
pron -0.470805 0.111657 -0.37094 -0.0893601 -0.0344271 0.189363 -0.0869044 0.050361 0.110108 -0.521938 -0.168479 0.329334 -0.18711 0.273218 0.173589 -0.533115 0.163152 0.446198 -0.239498 -0.302557 0.126564 -0.198769 -0.58054 -0.164107 0.0951654 -0.28621 -0.163787 -0.00495739 -0.4099 0.149026 0.29832 0.377715 0.387442 0.435467 -0.387091 -0.125645 -0.00428293 0.774858 -0.244901 -0.0877253 0.679816 0.136828 -0.302288 -0.24728 0.0664427 0.0887035 0.124168 0.598129 -0.182476 0.197353 
part -0.277704 0.305264 -0.434922 0.0309682 -0.153341 0.134181 -0.145477 -0.0289295 0.0013958 -0.42844 -0.106837 0.280426 -0.102887 0.201387 0.0640164 -0.583855 0.11237 0.415691 -0.18202 -0.260876 0.113302 -0.131473 -0.573769 -0.0924413 0.15911 -0.412382 -0.143535 0.0834931 -0.4458 -0.0392696 0.283993 0.319537 0.296033 0.258314 -0.356412 -0.0747259 0.0660831 0.692798 -0.356047 -0.133594 0.830884 -0.0609921 -0.376084 -0.243188 0.00186997 -0.059953 0.0235447 0.332596 -0.108702 0.22147 
sconj -0.318601 0.441643 -0.411334 0.0722496 -0.171954 0.295805 -0.186586 0.064833 0.132051 -0.524677 -0.282142 0.483984 -0.113059 0.229997 0.204478 -0.461464 0.184512 0.360013 -0.263855 -0.264134 0.0917802 -0.256416 -0.4889 -0.175503 0.234546 -0.309146 -0.0964835 0.108309 -0.494109 0.153688 0.344263 0.216855 0.234125 0.268642 -0.501341 -0.122683 0.0303309 0.628792 -0.154296 -0.00799274 0.658092 -0.0619739 -0.422986 -0.228762 0.0734743 -0.0301592 -0.025117 0.543602 -0.194328 0.312147 
num 0.15731 -0.540846 -0.157965 0.59633 0.596305 -0.0834531 0.142921 0.853806 0.428338 0.250117 0.483589 -0.0743217 -0.245306 0.0923956 -0.467432 -0.000928568 -0.0271658 -0.0235799 -0.709501 0.395941 -0.401276 1.03056 0.88989 -0.438022 0.116355 -0.0298548 -0.440594 -0.366911 0.324127 -0.482207 -0.369667 0.258917 -0.114378 0.217568 -0.13007 -0.342349 0.0106556 0.0698779 -0.552755 0.0746413 -0.619479 0.653428 -0.0319463 0.166541 -0.185805 -0.229573 0.828145 -0.416962 0.014463 -0.939748 
adv -0.348072 0.198114 -0.30189 -0.0108967 -0.0707878 0.312426 -0.169022 0.12363 0.138435 -0.442501 -0.265252 0.374693 -0.0886021 0.236726 0.20782 -0.307915 0.138437 0.365404 -0.332658 -0.219804 0.113592 -0.0974164 -0.357156 -0.285935 0.17748 -0.226165 -0.105971 -0.0527637 -0.352913 0.231939 0.224478 0.343352 0.212749 0.323705 -0.458868 -0.200647 0.0146101 0.485667 -0.079625 0.0227158 0.42999 0.0939708 -0.24366 -0.24023 0.066895 0.0675042 0.110759 0.55685 -0.20686 0.191279 
cconj -0.129603 0.3125 -0.360226 0.33081 -0.179918 0.191838 -0.103591 0.281906 0.356475 -0.24082 -0.128089 0.500815 -0.172942 0.212033 -0.145906 -0.298454 -0.000630344 0.172177 -0.228892 -0.105336 -0.061419 0.214124 -0.350347 -0.0830653 0.0247137 -0.121622 -0.164402 0.013617 -0.363213 -0.140276 0.122859 0.136917 -0.000135578 -0.0460879 -0.543714 -0.150636 0.0595302 0.476823 -0.197256 -0.0787888 0.408881 0.286821 -0.437827 0.163958 0.199718 -0.223291 0.208449 0.387866 -0.137139 -0.0923149 
x 0.747587 0.625816 0.106509 0.745639 -0.0786233 -0.538619 0.810534 -0.208948 0.886136 0.18785 0.505836 0.0641856 0.661463 -0.294389 -0.739377 0.758366 -0.808614 -0.205454 -0.22737 0.735067 -0.23161 0.00987817 0.640656 0.0587619 -0.36311 0.339692 -0.26229 -0.303809 0.700528 -1.11696 0.103818 0.0979382 -1.03539 -0.0967026 -0.00476334 0.770976 0.752015 -0.0608375 0.407601 -0.215322 -0.262735 0.180544 0.3998 -0.0540925 0.797631 0.507343 -0.383953 -0.380264 0.304807 -0.0852704 
intj -0.0328658 0.385883 -0.176427 0.137265 0.117724 -0.150741 0.197294 -0.343935 0.1323 -0.29308 0.204813 0.0166095 0.314917 0.0262215 0.046029 -0.126204 -0.00138431 0.321975 -0.304732 0.129053 0.138813 -0.611234 -0.0558217 -0.100501 0.135339 -0.306387 -0.199919 0.0718885 0.0487443 -0.175237 0.324145 0.187569 -0.0553234 0.486733 0.130109 0.220503 0.333663 0.389944 -0.125588 -0.124542 0.39489 -0.342767 0.192977 -0.712837 0.1753 0.428272 -0.303642 0.0304532 -0.0465451 0.466125 
sym 0.135921 -0.679399 -0.141273 0.679368 1.03766 -0.207693 0.264164 0.661521 0.582329 0.0906949 0.7953 -0.186091 0.0171893 0.522529 -0.57902 0.239291 -0.129213 0.142181 -1.05397 0.434235 -0.245102 0.714516 1.0465 -0.34756 -0.033613 0.152387 -0.629729 -0.306672 0.565081 -0.417696 -0.574753 0.162912 -0.313485 0.500481 -0.0559188 -0.410187 0.0832018 0.0457379 -0.593214 -0.246826 -0.787456 0.732586 0.123283 -0.239861 -0.0637276 0.0983301 0.770084 -0.424256 -0.234283 -0.894728 
<UNK_TAG> 0.7069412031509368 0.8883478733542776 0.17636320536398675 0.7514850692439125 0.7756790708682391 0.13175751287435555 0.22269001784879783 0.09446482752162333 0.43107637944608046 0.4602995896810177 0.3147864354224702 0.04168637729543645 0.6694130701080789 0.31079021183800937 0.004852899892142881 0.592511960328497 0.9908345568119195 0.09175762217128103 0.9194358246738391 0.3185309286581264 0.05130764636378027 0.49027913783695076 0.5963122593675597 0.41380213683523026 0.29481441408696285 0.6273138530760578 0.24666614433331657 0.9303055649570546 0.4092275522772997 0.48321640967634916 0.6429530905073115 0.4340000091967341 0.678969541892725 0.9376100491932873 0.9395748908012128 0.7248781284744117 0.15482315686861325 0.7925804159806995 0.7885482246917026 0.0554552735550331 0.7434546886225021 0.13482940217659534 0.8013393358388525 0.15836777294418614 0.8048057270059342 0.5296533472910427 0.11070802987969952 0.8428027791641076 0.6069085621468961 0.3287945928176418 
