<ROOT_TAG> -0.264227 -0.289062 -0.0299356 0.794462 -0.156083 0.181568 0.217548 0.176443 0.00787533 -0.250003 -0.0939665 0.379998 -0.68153 0.0697343 -0.0795553 0.833464 -0.244363 0.309704 0.413065 -0.00666887 -0.141544 0.482774 -0.0454873 0.93234 -0.518152 -0.199014 -0.306367 -0.391538 -0.0706845 0.136729 -0.730279 0.442588 -0.0747849 0.366711 0.159465 0.386916 -0.0571441 0.147735 -0.295502 -0.507052 0.19098 -0.868318 -0.622904 -0.217445 -0.29065 -0.0694657 -0.422927 -0.23652 -0.631139 0.556207 
det -0.251387 -0.0705389 -0.162672 0.478757 -0.122844 0.0570586 0.166043 0.0537495 -0.0945351 -0.186123 0.0318255 0.200915 -0.365617 -0.108192 -0.16892 0.142704 -0.138388 -0.0636331 0.204411 0.0300137 -0.158791 0.132084 -0.0671181 0.284343 -0.14545 0.0104311 0.201213 -0.279593 -0.00695773 0.147743 -0.245265 0.0986598 -0.181985 0.257389 -0.134383 0.174689 -0.160261 0.24342 -0.111643 -0.114042 -0.106281 -0.9179 -0.363964 0.0777366 -0.251225 -0.142417 0.136839 0.0842584 -0.11944 -0.173818 
propn 0.30049 -0.725096 -0.0232981 0.165512 0.205568 -0.533675 0.42682 -0.490983 0.749761 0.876143 0.141417 -0.0465324 -0.535326 0.53009 -0.0242706 0.809553 -0.52869 -0.321395 -0.0245986 -0.491185 -0.455255 -0.47687 0.631068 0.417453 0.0371175 0.224537 0.0224962 -0.380692 -0.19005 -0.587879 -1.19547 0.217681 0.311406 -0.45499 -0.0383759 -0.00655767 -0.551497 -0.0873903 0.661685 0.468333 -0.358735 0.15968 -0.383531 -0.148394 -0.32668 -0.140262 -0.740441 0.0659777 0.572137 0.526331 
pron 0.0386442 -0.0698678 0.369233 0.377057 0.144864 0.300561 0.145894 0.239581 0.109952 0.109817 -0.14207 0.0696952 -0.261337 -0.375435 -0.0620235 -0.0140162 0.124868 0.591894 0.340365 -0.0404182 0.0123148 0.491414 -0.213438 0.392882 -0.0844712 -0.0648195 -0.327232 -0.464121 -0.200679 0.0664987 -0.013719 -0.137442 -0.00384664 0.11746 -0.103595 0.474936 0.320553 -0.166884 0.0649615 -0.0231895 0.183746 -0.709509 0.059633 -0.0920258 0.0181276 -0.110252 -0.0169815 0.0454271 -0.555548 -0.323158 
verb -0.136214 0.0682695 0.152313 0.156418 -0.141719 0.300433 -0.124247 0.157698 0.0424539 0.0860334 0.0103392 0.21174 -0.415109 -0.470076 -0.135738 0.245464 0.0266041 0.366126 0.0942976 -0.169985 -0.0322396 0.596159 0.2769 0.374514 -0.0472555 -0.198341 -0.0694132 -0.0833244 0.214771 -0.111304 -0.183246 0.048965 0.00508825 0.0669417 0.0896658 0.293848 0.00838447 -0.119686 0.0460706 -0.167869 0.153335 -1.2498 0.0678892 -0.118237 0.0979402 0.078063 0.125084 0.24269 -0.112973 0.0503996 
noun -0.290727 -0.395784 -0.303754 0.480113 -0.3141 0.25842 0.103928 0.0047618 -0.0138806 -0.316103 0.0010787 0.00712212 -0.374798 0.0441835 -0.252269 0.225273 -0.486256 0.0526179 0.138713 0.0802367 -0.222701 -0.035261 0.0196328 0.462376 -0.164889 0.153993 0.140966 -0.274401 -0.134757 0.324972 -0.155279 -0.0100965 0.115512 0.45517 0.0638753 0.137968 -0.209152 0.123796 0.0876815 -0.286437 0.0493852 -0.460787 -0.131083 0.32701 -0.380243 -0.447434 0.287248 0.0655865 -0.0788669 0.0128336 
adp -0.241762 -0.15171 -0.0845939 0.718029 -0.0740924 -0.0161883 0.176805 -0.0605472 -0.179409 -0.161749 0.00403307 0.231816 -0.336907 0.0706464 -0.0958999 0.376316 -0.137901 -0.0104635 0.244748 0.122371 -0.0961243 0.0167344 -0.0788101 0.448487 -0.219665 -0.0546001 -0.0391254 -0.105592 0.154381 0.10694 -0.36731 0.209127 -0.315633 0.0998199 -0.037061 0.0643825 -0.248283 0.195544 -0.223504 -0.255445 -0.203339 -0.752209 -0.504181 -0.123158 -0.202692 -0.257722 0.0875883 -0.149892 -0.0381164 -0.00564904 
num -0.397225 -0.58627 -0.380235 0.914178 -0.394125 0.188816 -0.250996 -0.566583 -0.153112 -0.0952274 0.0589546 -0.178633 -0.150669 0.411361 -0.225829 0.586357 -0.788242 -0.0470911 -0.111666 0.196762 -0.260407 -0.629922 0.430763 0.663561 0.00055134 0.228962 -0.0601943 0.492211 0.603401 0.200132 -0.0891298 -0.0435054 -0.143242 -0.19502 0.302434 -0.620066 -0.815402 -0.0661255 0.294395 -0.330191 -0.329543 -0.00295649 0.0971851 0.14002 -0.0999942 -0.705822 0.612425 -0.204445 0.716643 0.362587 
adv -0.0764199 0.0435026 0.255998 0.379528 0.0394031 0.335617 0.0713953 0.266257 0.0224125 -0.000807609 -0.0997146 0.149959 -0.287475 -0.440131 -0.0734707 0.00970437 0.103389 0.482683 0.288703 -0.0568835 -0.0320951 0.554903 -0.146436 0.355835 -0.127317 -0.0748672 -0.188273 -0.411477 -0.0964148 0.0840908 -0.00125618 -0.0996553 -0.0737998 0.224518 -0.10267 0.424215 0.259812 -0.0837928 -0.0507888 -0.066937 0.187124 -0.938659 -0.00141742 -0.0458854 -0.0110682 -0.0196067 0.0896612 0.0803905 -0.562065 -0.309725 
punct -0.127902 -0.265194 -0.0245652 0.626108 -0.0331249 0.00552923 0.20016 -0.110339 0.00671471 0.00581727 0.00345998 0.14886 -0.320084 0.104891 -0.0956292 0.397739 -0.234203 0.044393 0.205835 -0.00175846 -0.192222 -0.030227 0.0038985 0.439543 -0.181876 0.056927 -0.0898826 -0.205078 0.0507979 0.0345237 -0.411032 0.0952973 -0.141874 0.105058 -0.0166363 0.0920175 -0.187599 0.0907564 -0.116499 -0.134475 -0.16009 -0.494153 -0.380104 -0.0345367 -0.248747 -0.274979 0.0529413 -0.0900283 -0.0605338 0.010351 
cconj -0.172626 -0.114132 0.00115464 0.522494 -0.0511594 0.0849343 0.163113 0.0532491 -0.0112323 -0.0342214 0.0291957 0.180652 -0.330734 -0.118782 -0.111886 0.16833 -0.0779259 0.12994 0.24877 0.0199018 -0.125976 0.147672 -0.0932031 0.340584 -0.135411 0.0328402 0.0175731 -0.284756 -0.0192816 0.0950989 -0.219365 0.0173873 -0.161562 0.157178 -0.109353 0.174015 -0.09452 0.0936032 -0.0960544 -0.0960065 -0.0856982 -0.706816 -0.247357 -0.00855619 -0.153146 -0.119688 0.0896406 -0.0286836 -0.205651 -0.136539 
adj -0.272476 -0.0968352 -0.256535 0.450052 -0.164733 0.0577252 0.224739 0.0969296 -0.103009 -0.251193 0.0305936 0.165723 -0.360479 -0.0832287 -0.182453 0.0570003 -0.200009 -0.154716 0.197869 0.0474753 -0.174783 0.0632739 -0.0973649 0.224773 -0.144968 0.0670235 0.309889 -0.36869 -0.13248 0.204518 -0.192414 0.0827112 -0.154584 0.38158 -0.19302 0.227407 -0.172946 0.295049 -0.0532035 -0.0879966 -0.105049 -0.905867 -0.394792 0.192554 -0.368694 -0.16349 0.149893 0.128195 -0.128509 -0.25198 
part 0.152519 -0.0090223 0.618169 0.461939 0.332951 0.279366 0.21424 0.314726 0.122905 0.234778 -0.207045 0.114884 -0.227889 -0.42231 0.0437493 -0.0250869 0.323478 0.79192 0.460839 -0.0471948 0.0946652 0.639001 -0.364396 0.427722 -0.132516 -0.130995 -0.574081 -0.550799 -0.238003 -0.00419271 -0.0338157 -0.152443 -0.0895351 0.00908995 -0.159174 0.587086 0.50482 -0.271793 -0.0157644 0.0304375 0.209516 -0.691961 0.0141533 -0.27318 0.127254 -0.0167069 -0.194772 -0.0700053 -0.814777 -0.397097 
aux 0.0644541 -0.189136 0.260451 0.31465 0.0805133 0.138193 0.109214 0.0280497 0.165531 0.231188 -0.0285884 0.0764693 -0.298343 -0.206932 -0.0709023 0.219592 -0.0197882 0.359253 0.182428 -0.121382 -0.0769621 0.277485 0.0748983 0.355934 -0.0398853 -0.0389177 -0.254686 -0.280063 -0.0467948 -0.109009 -0.25102 -0.0698718 0.0313046 -0.012783 0.0240759 0.267092 0.0880726 -0.170398 0.12158 0.0232436 0.0397821 -0.601467 -0.019091 -0.109715 -0.0280603 -0.179559 0.01395 0.0558621 -0.169484 -0.12323 
sconj 0.147356 0.0159341 0.529017 0.321778 0.288612 0.275389 0.157167 0.243589 0.197618 0.30413 -0.200829 0.0826023 -0.23781 -0.429116 -0.0121918 0.00219012 0.231066 0.686369 0.381835 -0.123604 0.0461933 0.614081 -0.211438 0.416953 -0.0605538 -0.138178 -0.470721 -0.471724 -0.185687 -0.0590273 -0.0825732 -0.119348 -0.00821033 -0.0506751 -0.133079 0.532273 0.401974 -0.258578 0.0746671 0.0569127 0.195188 -0.728353 0.0649248 -0.230254 0.128102 0.00978013 -0.181981 0.0694253 -0.637985 -0.307674 
intj 0.0168229 -0.151083 0.180431 0.346883 0.0928274 0.106131 0.0788651 -0.0689487 0.142441 0.278251 -0.00850251 -0.0240282 -0.160588 -0.182983 -0.103248 0.0118801 -0.0734251 0.229883 0.131602 -0.0804787 -0.0979108 0.0527806 0.0456905 0.227536 0.0947802 0.0902259 -0.104248 -0.206206 0.00554548 -0.0542134 -0.0541384 -0.196952 -0.0513389 -0.117807 -0.116103 0.124617 -0.0436282 -0.137879 0.22806 0.15098 -0.100405 -0.473066 0.0959212 -0.00473362 0.000907416 -0.19787 0.177654 0.108388 0.0274027 -0.306941 
sym -0.577116 -0.631469 -0.447057 1.47654 -0.446501 0.191631 -0.374206 -0.857718 -0.371151 -0.123693 0.109991 -0.248854 0.0329179 0.56128 -0.224656 0.605365 -0.942335 -0.137609 -0.149556 0.403072 -0.353455 -1.10557 0.425167 0.696065 0.000373504 0.450924 -0.0790567 0.82216 1.02302 0.332886 0.116903 -0.185442 -0.52186 -0.352025 0.277104 -1.04137 -1.17493 -0.0612256 0.196207 -0.346984 -0.738527 0.0447838 0.0907172 0.112984 -0.0819409 -0.956765 1.14446 -0.453742 0.975353 0.209119 
x -0.046205 -0.422343 0.0254602 0.716381 -0.0225277 0.00261202 0.0411249 -0.405616 0.195757 0.433906 0.0483004 -0.126018 -0.140092 0.0905318 -0.15263 0.229982 -0.44841 0.0461127 0.0305894 -0.0665716 -0.281386 -0.435743 0.328046 0.349463 0.212896 0.312653 -0.0761596 0.0139965 0.239856 -0.100235 -0.155573 -0.289569 -0.161348 -0.374948 -0.0858544 -0.24352 -0.502166 -0.174086 0.474321 0.239917 -0.452446 -0.320801 0.129265 0.0479173 -0.103755 -0.48628 0.38814 0.0567841 0.510122 -0.261593 
<UNK_TAG> 0.8356858524147729 0.3652447629473389 0.9291761119796847 0.9946297594485227 0.6322116125641737 0.2315412409743871 0.15155789461869806 0.29563838157881095 0.6172264687456394 0.9845792487246676 0.8931543779630837 0.436941992501354 0.6556083659168536 0.6305223999818694 0.5686492280809037 0.7179420196427001 0.059888897957801834 0.7897722824397986 0.7751920166244743 0.20501949618649018 0.22292937423756753 0.02824847899093086 0.05011118219110544 0.008718888187430496 0.898916419860418 0.6536716172989118 0.4409912767557219 0.2772983951272885 0.7246886600993203 0.04564059768220741 0.7567799930218664 0.760871550763537 0.4225407804531389 0.5332724992573019 0.014973576797075339 0.04234488867118957 0.663517570583584 0.6703317901010716 0.7825104950938511 0.8338265048436311 0.007739197150384403 0.6268404662574425 0.7310577495245708 0.45501700883253693 0.41569157851332605 0.7305223432688336 0.5523267501756467 0.9185052735513375 0.016485954711122686 0.7148146285180947
